685
361
523
235
215
220
636
449
148
799
157
293
831
444
185
433
98
687
176
714
674
550
466
349
479
827
795
672
99
240
378
734
450
802
123
192
151
819
668
394
251
545
321
307
392
302
599
199
109
246
168
844
543
602
197
161
334
237
124
150
196
346
56
162
36
771
139
853
60
411
257
800
129
753
44
532
781
219
312
730
732
583
493
125
786
676
445
274
830
552
539
373
485
436
388
794
280
470
650
751
547
189
745
261
101
680
649
23
446
673
239
677
527
666
96
278
459
364
413
443
481
555
509
497
640
118
132
519
252
648
843
456
78
515
765
589
225
270
369
103
140
506
633
298
265
432
623
131
512
637
588
840
556
336
250
295
773
159
761
733
97
204